
A=3;
a=0.3;
g=9.81;
qzu=5;